Bajra,CEREAL GRAINS AND PRODUCTS,12.4,11.6,5,2.3,1.2,67.5,361,42,296,8,132,0.33,0.25,2.3,0,14.7,45.5,0
Barley,CEREAL GRAINS AND PRODUCTS,12.5,11.5,1.3,1.2,3.9,69.6,336,26,215,1.67,10,0.47,0.2,5.4,0,0,0,0
Italian Millet,CEREAL GRAINS AND PRODUCTS,11.2,12.3,4.3,3.3,8,60.9,331,31,290,2.8,32,0.59,0.11,3.2,0,4.2,15,0
Jowar,CEREAL GRAINS AND PRODUCTS,11.9,10.4,1.9,1.6,1.6,72.6,349,25,222,4.1,47,0.37,0.13,3.1,0.21,14,20,0
Dry Maize,CEREAL GRAINS AND PRODUCTS,14.9,11.1,3.6,1.5,2.7,66.2,342,10,348,2.3,90,0.42,0.1,1.8,0,14,20,0
Tender Maize,CEREAL GRAINS AND PRODUCTS,67.1,4.7,0.9,0.8,1.9,24.6,125,9,121,1.1,32,0.11,0.17,0.6,0 ,0,0,6
Panivaragu,CEREAL GRAINS AND PRODUCTS,11.9,12.5,1.1,1.9,2.2,70.4,341,14,206,0.8,0,0.2,0.18,2.3,0 ,0,0,0
Ragi,CEREAL GRAINS AND PRODUCTS,13.1,7.3,1.3,2.7,3.6,72,328,344,283,3.9,42,0.42,0.19,1.1,0 ,52,18.3,0
Rice Parboied Handpounded,CEREAL GRAINS AND PRODUCTS,12.6,8.5,0.6,0.9,0,77.4,349,10,280,2.8,9,0.27,0.12,4,0 ,0,0,0
Rice Parboied Milled,CEREAL GRAINS AND PRODUCTS,13.3,6.4,0.4,0.7,0.2,79,346,9,143,1,0,0.21,0.05,3.8,0.24,8.9,11,0
Rice Raw Handpounded,CEREAL GRAINS AND PRODUCTS,13.3,7.5,1,0.9,0.6,76.7,346,10,190,3.2,2,0.21,0.16,3.9,0 ,0,0,0
Rice Raw Milled,CEREAL GRAINS AND PRODUCTS,13.7,6.8,0.5,0.6,0.2,78.2,345,10,160,0.7,0,0.06,0.06,1.9,0 ,4.1,8,0
Rice Bran,CEREAL GRAINS AND PRODUCTS,11,13.5,16.2,6.6,4.3,48.4,393,67,1410,35,0,2.7,0.48,29.8,0 ,0,0,0
Rice Flakes,CEREAL GRAINS AND PRODUCTS,12.2,6.6,1.2,2,0.7,77.3,346,20,238,20,0,0.21,0.05,4,0 ,0,0,0
Rice Puffed,CEREAL GRAINS AND PRODUCTS,14.7,7.5,0.1,3.8,0.3,73.6,325,23,150,6.6,0,0.21,0.01,4.1,0 ,0,0,0
Samai,CEREAL GRAINS AND PRODUCTS,11.5,7.7,4.7,1.5,7.6,67,341,17,220,9.3,0,0.3,0.09,3.2,0 ,2.2,9,0
Sanwa Millet,CEREAL GRAINS AND PRODUCTS,11.9,6.2,2.2,4.4,9.8,65.5,307,20,280,5,0,0.33,0.1,4.2,0 ,0,0,0
Varagu,CEREAL GRAINS AND PRODUCTS,12.8,8.3,1.4,2.6,9,65.9,309,27,188,0.5,0,0.33,0.09,2,0 ,7.4,23.1,0
Wheat Bulgar Parboiled,CEREAL GRAINS AND PRODUCTS,9.8,8.2,1.6,1.5,1.7,77.2,356,37,298,4.9,0,0.74,0.11,4.8,0 ,0,0,0
Wheat Whole,CEREAL GRAINS AND PRODUCTS,12.8,11.8,1.5,1.5,1.2,71.2,346,41,306,5.3,64,0.45,0.17,5.5,0.57,142,36.6,0
Wheat Flour Whole,CEREAL GRAINS AND PRODUCTS,12.2,12.1,1.7,2.7,1.9,69.4,341,48,355,4.9,29,0.49,0.17,4.3,0 ,12.1,35.8,0
Wheat Flour Refined,CEREAL GRAINS AND PRODUCTS,13.3,11,0.9,0.6,0.3,73.9,348,23,121,2.7,25,0.12,0.07,2.4,0 ,0,0,0
Wheat Germ,CEREAL GRAINS AND PRODUCTS,5.2,29.2,7.4,3.5,1.4,53.3,397,40,846,6,0,1.4,0.54,2.9,0 ,0,0,0
Wheat Semolina,CEREAL GRAINS AND PRODUCTS,0,10.4,0.8,0,0.2,74.8,348,16,102,1.6,0,0.12,0.03,1.6,0 ,0,0,0
Wheat Vermicelli,CEREAL GRAINS AND PRODUCTS,11.7,8.7,0.4,0.7,0.2,78.3,352,22,92,2,0,0.19,0.05,1.8,0 ,0,0,0
Wheat Bread Brown,CEREAL GRAINS AND PRODUCTS,39,8.8,1.4,0,1.2,49,244,18,0,2.2,0,0.21,0,2.5,0 ,0,0,0
Wheat Bread White,CEREAL GRAINS AND PRODUCTS,39,7.8,0.7,0,0.2,51.9,245,11,0,1.1,0,0.07,0,0,0 ,0,0,0
Bengal Gram Whole,PULSES AND LEGUMES,9.8,17.1,5.3,3,3.9,60.9,360,202,312,4.6,189,0.3,0.15,2.9,0 ,34,186,3
Bengal Gram Dhal,PULSES AND LEGUMES,9.9,20.8,5.6,2.7,1.2,59.8,372,56,331,5.3,129,0.48,0.18,2.4,0 ,32,147.5,1
Bengal Gram Roasted,PULSES AND LEGUMES,10.7,22.5,5.2,2.5,1,58.1,369,58,340,9.5,113,0.2,0,1.3,0 ,22,139,0
Black Gram Dhal,PULSES AND LEGUMES,10.9,24,1.4,3.2,0.9,59.6,347,154,385,3.8,38,0.42,0.2,2,0 ,24,132,0
Cow Pea,PULSES AND LEGUMES,13.4,24.1,1,3.2,3.8,54.5,323,77,414,8.6,12,0.51,0.2,1.3,0 ,69,133,0
Field Bean Dry,PULSES AND LEGUMES,9.6,24.9,0.8,3.2,1.4,60.1,347,60,433,2.7,0,0.52,0.16,1.8,0 ,0,0,0
Green Gram Whole,PULSES AND LEGUMES,10.4,24,1.3,3.5,4.1,56.7,334,124,326,4.4,94,0.47,0.27,2.1,0 ,0,0,0
Green Gram Dhal,PULSES AND LEGUMES,10.1,24.5,1.2,3.5,0.8,59.9,348,75,405,3.9,49,0.47,0.21,2.4,0 ,24.5,140,0
Horse Gram Whole,PULSES AND LEGUMES,11.8,22,0.5,3.2,5.3,57.2,321,287,311,6.77,71,0.42,0.2,1.5,0 ,0,0,1
Khesari Dhal,PULSES AND LEGUMES,10,28.2,0.6,2.3,2.3,56.6,345,90,317,6.3,120,0.39,0.17,2.9,0 ,0,0,0
Lentil,PULSES AND LEGUMES,12.4,25.1,0.7,2.1,0.7,59,343,69,293,7.58,270,0.45,0.2,2.6,0 ,14.5,36,0
Moth Beans,PULSES AND LEGUMES,10.8,23.6,1.1,3.5,4.5,56.5,330,202,230,9.5,9,0.45,0.09,1.5,0 ,0,0,2
Peas Green,PULSES AND LEGUMES,72.9,7.2,0.1,0.8,4,15.9,93,20,139,1.5,83,0.25,0.01,0.8,0 ,0,0,9
Peas Dry,PULSES AND LEGUMES,16,19.7,1.1,2.2,4.5,56.5,315,75,298,7.05,39,0.47,0.19,3.4,0 ,4.6,7.5,0
Peas Rosted,PULSES AND LEGUMES,10.1,22.9,1.4,2.4,4.4,58.8,340,81,345,6.4,18,0.47,0.21,3.5,0 ,0,0,0
Rajmah,PULSES AND LEGUMES,12,22.9,1.3,3.2,4.8,60.6,346,260,410,5.1,0,0,0,0,0 ,0,0,0
Red Gram Dhal,PULSES AND LEGUMES,13.4,22.3,1.7,3.5,1.5,57.6,335,73,304,2.7,132,0.45,0.19,2.9,0.54,19,103,0
Red Gram Tender,PULSES AND LEGUMES,65.1,9.8,1,1,6.2,16.9,116,57,164,1.1,469,0.32,0.33,3,0 ,0,0,25
Soyabean,PULSES AND LEGUMES,8.1,43.2,19.5,4.6,3.7,20.9,432,240,690,10.4,426,0.73,0.39,3.2,0 ,8.65,100,0
Agathi,LEAFY VEGETABLES,73.1,8.4,1.4,3.1,2.2,11.8,93,1130,80,3.9,5400,0.21,0.09,1.2,0,0 ,0,169
Amaranth Caudatus,LEAFY VEGETABLES,90,3,0.7,3.3,1,2,26,200,40,0,0,0,0,0,0 ,0,0,0
Amaranth Gangeticus Tender,LEAFY VEGETABLES,85.7,4,0.5,2.7,1,6.1,45,397,83,3.49,5520,0.03,0.3,1.2,0 ,41,149,99
Amaranth Gangeticus Stem,LEAFY VEGETABLES,92.5,0.9,0.1,1.8,1.2,3.5,19,260,30,1.8,255,0.01,0.18,0,0 ,0,0,10
Amaranth Paniculatus (Rajagira Leaves),LEAFY VEGETABLES,78.6,5.9,1,3.8,2.1,8.6,67,530,60,18.4,14190,0.01,0.24,1.1,0 ,0,0,81
Amaranth Polygonoides (Sirukeerai),LEAFY VEGETABLES,90,2.8,0.3,2.1,0,4.8,33,251,55,27.3,0,0,0,0,0 ,0,0,0
Amaranth Spinosus,LEAFY VEGETABLES,85,3,0.3,3.6,1.1,7,43,800,50,22.9,3564,0,0,0,0 ,0,0,33
Amaranth Species Chakravarthikeerai,LEAFY VEGETABLES,80.6,4.5,0.6,4.2,1.6,8.5,57,321,71,18,0,0,0,0,0 ,0,0,0
Amaranth Species Koyakeerai,LEAFY VEGETABLES,88,2.8,0.5,1.2,2.2,5.3,37,292,51,2.5,0,0,0,0,0 ,0,0,0
Amaranth Tristis (Araikeerai),LEAFY VEGETABLES,87,2.8,0.4,2.4,0,7.4,44,364,52,38.5,0,0,0,0,0 ,0,0,0
Amaranth Viridis (Kuppakeerai),LEAFY VEGETABLES,81.8,5.2,0.3,2.8,6.1,3.8,38,330,52,18.7,0,0,0,0,0 ,0,0,179
Ambat Chuka,LEAFY VEGETABLES,95.2,1.6,0.3,0.9,0.6,1.4,15,63,17,0.75,3660,0.03,0.06,0.2,0 ,40,125,12
Bathua Leaves,LEAFY VEGETABLES,89.6,3.7,0.4,2.6,0.8,2.9,30,150,80,4.2,1740,0.01,0.14,0.6,0 ,0,0,35
Beet Greens,LEAFY VEGETABLES,86.4,3.4,0.8,2.2,0.7,6.5,46,380,30,16.2,5862,0.26,0.56,3.3,0 ,0,0,70
Bengal Gram Leaves,LEAFY VEGETABLES,73.4,7,1.4,2.1,2,14.1,97,340,120,23.8,0,0,0,0,0 ,0,0,0
Betel Leaves,LEAFY VEGETABLES,85.4,3.1,0.8,2.3,2.3,6.1,44,230,40,10.6,5760,0.07,0.03,0.7,0 ,0,0,5
Bottle Gourd Leaves,LEAFY VEGETABLES,87.9,2.3,0.7,1.7,1.3,6.1,39,80,59,0,0,0,0,0,0 ,0,0,0
Broad Bean Leaves,LEAFY VEGETABLES,77.6,5.6,0.3,1.3,3.7,11.5,71,111,149,0,0,0,0,0,0 ,0,0,0
Brusseles Sprouts,LEAFY VEGETABLES,85.5,4.7,0.5,1,1.2,7.1,52,43,82,1.8,126,0.05,0.16,0.4,0 ,0,0,72
Cabbage,LEAFY VEGETABLES,91.9,1.8,0.1,0.6,1,4.6,27,39,44,0.8,120,0.06,0.09,0.4,0 ,13.3,23,124
Carrot Leaves,LEAFY VEGETABLES,76.6,5.1,0.5,2.8,1.9,13.1,77,340,110,8.8,5700,0.04,0.37,2.1,0 ,0,0,79
Cauliflower Greens,LEAFY VEGETABLES,80,5.9,1.3,3.2,2,7.6,66,626,107,40,0,0,0,0,0 ,0,0,0
Celery Leaves,LEAFY VEGETABLES,88,6.3,0.6,2.1,1.4,1.6,37,230,140,6.3,3990,0,0.11,1.2,0 ,0,0,62
Celery Stalk,LEAFY VEGETABLES,93.5,0.8,0.1,0.9,1.2,3.5,18,30,38,4.8,520,0.12,0.05,0.3,0 ,0,0,6
Chekkur Manis,LEAFY VEGETABLES,73.6,6.8,3.2,3.4,1.4,11.6,103,570,200,28,5706,0.48,0.32,2.6,0 ,0,0,247
Colocasia Leaves Black Variety,LEAFY VEGETABLES,78.8,6.8,2,2.5,1.8,8.1,77,460,125,0.98,12000,0.06,0.45,1.9,0 ,0,0,63
Colocasia Leaves Green Variety,LEAFY VEGETABLES,82.7,3.9,1.5,2.2,2.9,6.8,56,227,82,10,10278,0.22,0.26,1.1,0 ,0,0,12
Colocasia Leaves Dried,LEAFY VEGETABLES,9.3,13.7,5.9,12.8,16,42.3,277,1546,308,0,0,0,0,0,0 ,0,0,0
Corriander Leaves,LEAFY VEGETABLES,86.3,3.3,0.6,2.3,1.2,6.3,44,184,71,1.42,6918,0.05,0.06,0.8,0 ,0,0,135
Cow Pea Leaves,LEAFY VEGETABLES,89,3.4,0.7,1.6,1.2,4.1,38,290,58,20.1,6702,0.05,0.18,0.6,0 ,0,0,4
Curry Leaves,LEAFY VEGETABLES,63.8,6.1,1,4,6.4,18.7,108,830,57,0.93,7560,0.08,0.21,2.3,0 ,23.5,93.9,4
Drumstic Leaves,LEAFY VEGETABLES,75.9,6.7,1.7,2.3,0.9,12.5,92,440,70,0.85,6780,0.06,0.05,0.8,0 ,0,0,220
Fenugreeek Leaves,LEAFY VEGETABLES,86.1,4.4,0.9,1.5,1.1,6,49,395,51,1.93,2340,0.04,0.31,0.8,0 ,0,0,52
Fetid Cassia Fresh,LEAFY VEGETABLES,84.9,5,0.8,1.7,2.1,5.5,49,520,39,12.4,10152,0.08,0.19,0.8,0 ,0,0,82
Fetied Cassia Dried,LEAFY VEGETABLES,9.7,20.7,3.9,11.8,10.4,43.5,292,3200,292,0,0,0,0,0,0 ,0,0,0
Garden Cress,LEAFY VEGETABLES,82.3,5.8,1,2.2,0,8.7,67,360,110,28.6,0,0.15,0,0,0 ,0,0,0
Garden Sorrel Sepals,LEAFY VEGETABLES,91.9,0.6,0.2,0.9,1.3,5.1,25,130,20,1.7,0,0,0,0,0 ,0,0,0
Gogu,LEAFY VEGETABLES,86.4,1.7,1.1,0.9,0,9.9,56,172,40,2.28,2898,0.07,0.39,1.1,0 ,0,0,20
Ipomoea Stems,LEAFY VEGETABLES,93.7,0.9,0.2,1.8,0,3.4,19,80,30,0.8,0,0,0,0,0 ,0,0,0
Ipomoea Leaves,LEAFY VEGETABLES,90.3,2.9,0.4,2.1,1.2,3.1,28,110,46,3.9,1980,0.05,0.13,0.6,0 ,0,0,37
Knol0khol Greens,LEAFY VEGETABLES,86.7,3.5,0.4,1.2,1.8,6.4,43,740,50,13.3,4146,0.25,0,3,0 ,0,0,157
Kuppameni,LEAFY VEGETABLES,80.5,6.7,1.4,3.1,2.3,6,64,667,99,17.3,0,0,0,0,0 ,0,0,147
Lettuce,LEAFY VEGETABLES,93.4,2.1,0.3,1.2,0.5,2.5,21,50,28,2.4,990,0.09,0.13,0.5,0 ,0,0,10
Lettuce Tree Leaves Mature,LEAFY VEGETABLES,81.7,5.1,0.4,2.6,0,10.2,65,320,80,2.6,0,0,0,0,0 ,0,0,0
Lettuce Tree Leaves Tender,LEAFY VEGETABLES,90.2,3.6,0.2,2.2,0.6,3.2,29,170,60,3.6,0,0,0,0,0 ,0,0,0
Manathakkali Leaves,LEAFY VEGETABLES,82.1,5.9,1,2.1,0,8.9,68,410,70,20.5,0,0,0.59,0.9,0 ,0,0,11
Mayalu,LEAFY VEGETABLES,90.8,2.8,0.4,1.8,0,4.2,32,200,35,10,7440,0.03,0.16,0.5,0 ,0,0,87
Mint,LEAFY VEGETABLES,84.9,4.8,0.6,1.9,2,5.8,48,200,62,15.6,1620,0.05,0.26,1,0 ,9.7,114,27
Modakanthan Keerai,LEAFY VEGETABLES,83.3,4.7,0.6,2.3,0,9.1,61,0,0,0,0,0,0,0,0,0,0,0
Mukarrate Keerai,LEAFY VEGETABLES,84.5,6.1,0.9,1.3,0,7.2,61,667,99,18.4,0,0,0,0,0 ,0,0,27
Mustard Leaves,LEAFY VEGETABLES,89.8,4,0.6,1.6,0.8,3.2,34,155,26,16.3,2622,0.03,0,0,0 ,0,0,33
Nerringi,LEAFY VEGETABLES,79.1,7.2,0.5,4.6,0,8.6,68,1550,82,9.2,0,0,0,0,0 ,0,0,41
Parsley,LEAFY VEGETABLES,74.6,5.9,1,3.2,1.8,13.5,87,390,175,17.9,1920,0.04,0.18,0.5,0 ,0,0,281
Paruppu Keerai,LEAFY VEGETABLES,90.5,2.4,0.6,2.3,1.3,2.9,27,111,45,14.8,2292,0.1,0.22,0.7,0 ,0,0,29
Ponnanganni,LEAFY VEGETABLES,77.4,5,0.7,2.5,2.8,11.6,73,510,60,1.63,1926,0,0.14,1.2,0 ,0,0,17
Pumpkin Leaves,LEAFY VEGETABLES,81.9,4.6,0.8,2.7,2.1,7.9,57,392,112,0,0,0,0,0,0 ,0,0,0
Radish Leaves,LEAFY VEGETABLES,90.8,3.8,0.4,1.6,1,2.4,28,265,59,0.09,5295,0.18,0.47,0.8,0 ,0,0,81
Raadish Leaves Table,LEAFY VEGETABLES,89.1,3.9,0.6,1.6,0.6,4.2,38,310,60,18,5742,0.18,0.35,5.5,0 ,0,0,106
Rape Plant Stem,LEAFY VEGETABLES,91.4,3.1,0.1,1.4,0,4,29,100,100,1.2,0,0,0,0,0 ,0,0,0
Rape Plant Leaves,LEAFY VEGETABLES,84.9,5.1,0.4,2.5,1.2,5.9,48,370,110,12.5,1380,0.01,0.03,0.9,0 ,0,0,65
Safflower Leaves,LEAFY VEGETABLES,91.1,2.5,0.6,1.3,0,4.5,33,185,35,5.7,3540,0.04,0.1,0,0 ,0,0,15
Shepu,LEAFY VEGETABLES,88,3,0.5,2.2,1.1,5.2,37,190,42,17.4,7182,0.03,0.13,0.2,0 ,0,0,0
Spinach,LEAFY VEGETABLES,92.1,2,0.7,1.7,0.6,2.9,26,73,21,1.14,5580,0.03,0.26,0.5,0 ,51,123,28
Spinach Stalks,LEAFY VEGETABLES,93.4,0.9,0.1,1.8,0,3.8,20,90,20,1.6,0,0,0,0,0 ,0,0,0
Susni Sag,LEAFY VEGETABLES,86.9,3.7,1.4,2.1,1.3,4.6,46,53,91,0,0,0,0,0,0 ,0,0,0
Tamarind Leaves Tender,LEAFY VEGETABLES,70.5,5.8,2.1,1.5,1.9,18.2,115,101,140,0.3,250,0.24,0.17,4.1,0 ,0,0,3
Turnip Greens,LEAFY VEGETABLES,81.9,4,1.5,2.2,1,9.4,67,710,60,28.4,9396,0.31,0.57,5.4,0 ,0,0,180
Arrow Root Flour,ROOTS AND TUBERS,16.5,0.2,0.1,0.1,0,83.1,334,10,20,1,0,0,0,0,0 ,0,0,0
Banana Rhizome,ROOTS AND TUBERS,85.1,0.4,0.2,1.4,1.1,11.8,51,25,10,1,16,0,0.03,0.2,0 ,0,0,1
Beet Root,ROOTS AND TUBERS,87.7,1.7,0.1,0.8,0.9,8.8,43,18.3,55,1.19,0,0.04,0.09,0.4,0 ,0,0,10
Carrot,ROOTS AND TUBERS,86,0.9,0.2,1.1,1.2,10.6,48,80,530,1.03,1890,0.04,0.02,0.6,0 ,5,15,3
Colocasia,ROOTS AND TUBERS,73.1,3,0.1,1.7,1,21.1,97,40,140,0.42,24,0.09,0.03,0.4,0 ,16,54,0
Khamalu,ROOTS AND TUBERS,79.6,1.3,0.1,0.8,0.1,18.1,79,16,31,0.5,0,0,0,0,0 ,0,0,0
Mango Ginger,ROOTS AND TUBERS,85,1.1,0.7,1.4,1.3,10.5,53,25,90,2.6,20,0.01,0.03,0,0 ,0,0,1
Onion Big,ROOTS AND TUBERS,86.6,1.2,0.1,0.4,0.6,11.1,50,46.9,50,0.6,0,0.08,0.01,0.4,0 ,1.5,6,11
Onion Small,ROOTS AND TUBERS,84.3,1.8,0.1,0.6,0.6,12.6,59,40,60,1.2,15,0.08,0.02,0.5,0 ,0,0,2
Parsnip,ROOTS AND TUBERS,72.4,1.3,0.3,1.1,1.7,23.2,101,50,40,0.5,18,0.06,0,0.4,0 ,0,0,16
Potato,ROOTS AND TUBERS,74.7,1.6,0.1,0.6,0.4,22.6,97,10,40,0.48,24,0.1,0.01,1.2,0 ,3,7,17
Radish Pink,ROOTS AND TUBERS,90.8,0.6,0.3,0.9,0.6,6.8,32,50,20,0.37,3,0.06,0.02,0.4,0 ,0,0,17
Radish Rat0tailed,ROOTS AND TUBERS,92.3,1.3,0.3,0.7,1.1,4.3,25,78,24,0,0,0,0,0,0 ,0,0,0
Radish Table,ROOTS AND TUBERS,94.9,0.5,0.1,0.7,0.6,3.2,16,20,20,1,4,0.02,0.03,1.4,0 ,0,0,21
Radish White,ROOTS AND TUBERS,94.4,0.7,0.1,0.6,0.8,3.4,17,35,22,0.4,3,0.06,0.02,0.5,0 ,0,0,15
Sweet Potato,ROOTS AND TUBERS,68.5,1.2,0.3,1,0.8,28.2,120,46,50,0.21,6,0.08,0.04,0.7,0 ,0,0,24
Tapioca,ROOTS AND TUBERS,59.4,0.7,0.2,1,0.6,38.1,157,50,40,0.9,0,0.05,0.1,0.3,0 ,0,0,25
Tapioca Chips Drid,ROOTS AND TUBERS,12,1.3,0.3,2,1.8,82.6,338,91,70,3.6,0,0.23,0.1,1.4,0 ,0,0,0
Turnip,ROOTS AND TUBERS,91.6,0.5,0.2,0.6,0.9,6.2,29,30,40,0.4,0,0.04,0.04,0.5,0 ,0,0,43
Yam Elephant,ROOTS AND TUBERS,78.7,1.2,0.1,0.8,0.8,18.4,79,50,34,0.6,260,0.06,0.07,0.7,0 ,0,0,0
Yam Ordinary,ROOTS AND TUBERS,69.9,1.4,0.1,1.6,1,26,111,35,20,1.19,78,0.07,0,0.7,0 ,0.9,17.5,0
Yam Wild,ROOTS AND TUBERS,70.4,2.5,0.3,1.4,1,24.4,110,20,74,1,565,0.19,0.47,1.2,0 ,0,0,1
Chowchowmarrow,OTHER VEGETABLES,92.5,0.7,0.1,0.4,0.6,5.7,27,140,30,0.6,0,0,0.04,0.4,0 ,0,0,4
Ash Gourd,OTHER VEGETABLES,96.5,0.4,0.1,0.3,0.8,1.9,10,30,20,0.8,0,0.06,0.01,0.4,0 ,0,0,1
Beans Scarlet Runner,OTHER VEGETABLES,58.3,7.4,1,1.6,1.9,29.8,158,50,160,2.6,34,0.34,0.19,0,0 ,0,0,27
Brinjal,OTHER VEGETABLES,92.7,1.4,0.3,0.3,1.3,4,24,18,47,0.38,74,0.04,0.11,0.9,0,0 ,5,34
Broad Beans,OTHER VEGETABLES,85.4,4.5,0.1,0.8,2,7.2,48,50,64,1.4,9,0.08,0,0,0.8,0 ,0,0
Cauliflower,OTHER VEGETABLES,90.8,2.6,0.4,1,1.2,4,30,33,57,1.23,30,0.04,0.1,1,0 ,0,0,56
Cluster Beans,OTHER VEGETABLES,81,3.2,0.4,1.4,3.2,10.8,16,130,57,1.08,198,0.09,0.03,0.6,0 ,50,144,49
Colocasia Stem,OTHER VEGETABLES,94,0.3,0.3,1.2,0.6,3.6,18,60,20,0.5,104,0.07,0.07,0.1,0 ,0,0,3
Cow Pea Pods,OTHER VEGETABLES,85.3,3.5,0.2,0.9,2,8.1,48,72,59,2.5,564,0.07,0.09,0.9,0 ,0,0,14
Cucumber,OTHER VEGETABLES,96.3,0.4,0.1,0.3,0.4,2.5,13,10,25,0.6,0,0.03,0,0.2,0 ,0,0,0
Double Beans,OTHER VEGETABLES,73.8,8.3,0.3,1,4.3,12.3,85,40,140,2.3,0,0,0,0,0 ,0,0,22
Drumstick,OTHER VEGETABLES,86.9,2.5,0.1,2,4.8,3.7,26,30,110,0.18,110,0.05,0.07,0.2,0 ,0,0,120
Bitter Gourd,OTHER VEGETABLES,92.4,1.6,0.2,0.8,0.8,4.2,25,20,70,0.61,126,0.07,0.09,0.5,0 ,0,0,88
Bottle Gourd,OTHER VEGETABLES,96.1,0.2,0.1,0.5,0.6,2.5,12,20,10,0.46,0,0.03,0.01,0.2,0 ,0,0,0
Drumstick Flowers,OTHER VEGETABLES,85.9,3.6,0.8,1.3,1.3,7.1,50,51,90,0,0,0,0,0,0 ,0,0,0
Figs Red Ficus Cunia,OTHER VEGETABLES,79.4,1.2,0.6,1.6,6.4,10.8,53,187,39,0,0,0,0,0,0 ,0,0,0
French Beans,OTHER VEGETABLES,91.4,1.7,0.1,0.5,1.8,4.5,26,50,28,0.61,132,0.08,0.06,0.3,0 ,15.5,45.5,24
Ghosala,OTHER VEGETABLES,93.2,1.2,0.2,0.5,2,2.9,18,36,19,1.1,120,0.02,0.06,0.4,0 ,0,0,0
Giant Chillies Capsicum,OTHER VEGETABLES,92.4,1.3,0.3,0.7,1,4.3,24,10,30,0.567,427,0.55,0.05,0.1,0 ,0,0,137
Jack Fruit Tender,OTHER VEGETABLES,84,2.6,0.3,0.9,2.8,9.4,51,30,40,1.7,0,0.05,0.04,0.2,0 ,0,0,14
Kankoda,OTHER VEGETABLES,84.1,3.1,1,1.1,3,7.7,52,33,42,4.6,1620,0.05,0.18,0.6,0 ,0,0,0
Karonda Fresh,OTHER VEGETABLES,91,1.1,2.9,0.6,1.5,2.9,42,21,28,0,0,0,0,0,0 ,0,0,0
Karonda Dry,OTHER VEGETABLES,18.2,2.3,9.6,2.8,0,67.1,364,160,60,39.1,0,0,0,0,0 ,0,0,0
Kheksa,OTHER VEGETABLES,90.4,0.6,0.1,0.9,1.6,6.4,29,27,38,0,0,0,0,0,0 ,0,0,0
Kovai,OTHER VEGETABLES,93.5,1.2,0.1,0.5,1.6,3.1,18,40,30,0.38,156,0.07,0.08,0.7,0 ,18,59,15
Knolkhol,OTHER VEGETABLES,92.7,1.1,0.2,0.7,1.5,3.8,21,20,35,1.54,21,0.05,0.09,0.5,0 ,0,0,85
Ladies Fingers,OTHER VEGETABLES,89.6,1.9,0.2,0.7,1.2,6.4,35,66,56,0.35,52,0.07,0.1,0.6,0 ,25.3,105.1,13
Lakuch Raw,OTHER VEGETABLES,89.4,1.6,1.2,1.1,2.8,13.9,73,67,25,0,0,0,0,0,0 ,0,0,0
Leeks,OTHER VEGETABLES,78.9,1.8,0.1,0.7,1.3,17.2,77,50,70,2.3,18,0.23,0,0,0 ,0,0,11
Lotus Stem Dry,OTHER VEGETABLES,9.5,4.1,1.3,8.7,25,51.4,234,405,128,60.6,0,0.82,1.21,1.9,0 ,0,0,3
Mango Green,OTHER VEGETABLES,87.5,0.7,0.1,0.4,1.2,10.1,44,10,19,0.33,90,0.04,0.01,0.2,0 ,0,0,3
Onion Stalks,OTHER VEGETABLES,87.6,0.9,0.2,0.8,1.6,8.9,41,50,50,7.43,595,0,0.03,0.3,0 ,0,0,17
Papaya Green,OTHER VEGETABLES,92,0.7,0.2,0.5,0.9,5.7,27,28,40,0.9,0,0.01,0.01,0.1,0 ,0,0,12
Parwar,OTHER VEGETABLES,92,2,0.3,0.5,3,2.2,20,30,40,1.7,153,0.05,0.06,0.5,0 ,0,0,29
Pink Beans,OTHER VEGETABLES,86.8,3.1,0.4,0.6,2.1,7,44,54,70,1.5,453,0.06,0.02,0.6,0 ,0,0,12
Plantain Flower,OTHER VEGETABLES,89.9,1.7,0.7,1.3,1.3,5.1,34,32,42,1.6,27,0.05,0.02,0.4,0 ,0,0,16
Plantain Green,OTHER VEGETABLES,83.2,1.4,0.2,0.5,0.7,14,64,10,29,6.27,30,0.05,0.02,0.3,0 ,1.6,16.4,24
Plantain Stem,OTHER VEGETABLES,88.3,0.5,0.1,0.6,0.8,9.7,42,10,10,1.1,0,0.02,0.01,0.2,0 ,0,0,7
Pumpkin Fruit,OTHER VEGETABLES,92.6,1.4,0.1,0.6,0.7,4.6,25,10,30,0.44,50,0.06,0.04,0.5,0 ,3,13,2
Pumpkin Flowers,OTHER VEGETABLES,89.1,2.2,0.8,1.4,0.7,5.8,39,120,60,0,0,0,0,0,0 ,0,0,0
Ridge Gourd,OTHER VEGETABLES,95.2,0.5,0.1,0.3,0.5,3.4,17,18,26,0.39,33,0,0.01,0.2,0 ,0,0,5
Snake Gourd,OTHER VEGETABLES,94.6,0.5,0.3,0.5,0.8,3.3,18,26,20,1.51,96,0.04,0.06,0.3,0 ,7.5,15.5,0
Bottle Gourd,OTHER VEGETABLES,96.1,0.2,0.1,0.5,0.6,2.5,12,20,10,0.46,0,0.03,0.01,0.2,0 ,0,0,0
Brinjal,OTHER VEGETABLES,92.7,1.4,0.3,0.3,1.3,4,24,18,47,0.38,74,0.04,0.11,0.9,0,0 ,5,34
Broad Beans,OTHER VEGETABLES,85.4,4.5,0.1,0.8,2,7.2,48,50,64,1.4,9,0.08,0,0,0.8,0 ,0,0
Cauliflower,OTHER VEGETABLES,90.8,2.6,0.4,1,1.2,4,30,33,57,1.23,30,0.04,0.1,1,0 ,0,0,56
Cluster Beans,OTHER VEGETABLES,81,3.2,0.4,1.4,3.2,10.8,16,130,57,1.08,198,0.09,0.03,0.6,0 ,50,144,49
Colocasia Stem,OTHER VEGETABLES,94,0.3,0.3,1.2,0.6,3.6,18,60,20,0.5,104,0.07,0.07,0.1,0 ,0,0,3
Cow Pea Pods,OTHER VEGETABLES,85.3,3.5,0.2,0.9,2,8.1,48,72,59,2.5,564,0.07,0.09,0.9,0 ,0,0,14
Cucumber,OTHER VEGETABLES,96.3,0.4,0.1,0.3,0.4,2.5,13,10,25,0.6,0,0.03,0,0.2,0 ,0,0,0
Double Beans,OTHER VEGETABLES,73.8,8.3,0.3,1,4.3,12.3,85,40,140,2.3,0,0,0,0,0 ,0,0,22
Drumstick,OTHER VEGETABLES,86.9,2.5,0.1,2,4.8,3.7,26,30,110,0.18,110,0.05,0.07,0.2,0 ,0,0,120
Drumstick Flowers,OTHER VEGETABLES,85.9,3.6,0.8,1.3,1.3,7.1,50,51,90,0,0,0,0,0,0 ,0,0,0
Figs Red Ficus Cunia,OTHER VEGETABLES,79.4,1.2,0.6,1.6,6.4,10.8,53,187,39,0,0,0,0,0,0 ,0,0,0
French Beans,OTHER VEGETABLES,91.4,1.7,0.1,0.5,1.8,4.5,26,50,28,0.61,132,0.08,0.06,0.3,0 ,15.5,45.5,24
Ghosala,OTHER VEGETABLES,93.2,1.2,0.2,0.5,2,2.9,18,36,19,1.1,120,0.02,0.06,0.4,0 ,0,0,0
Giant Chillies Capsicum,OTHER VEGETABLES,92.4,1.3,0.3,0.7,1,4.3,24,10,30,0.567,427,0.55,0.05,0.1,0 ,0,0,137
Jack Fruit Tender,OTHER VEGETABLES,84,2.6,0.3,0.9,2.8,9.4,51,30,40,1.7,0,0.05,0.04,0.2,0 ,0,0,14
Kankoda,OTHER VEGETABLES,84.1,3.1,1,1.1,3,7.7,52,33,42,4.6,1620,0.05,0.18,0.6,0 ,0,0,0
Kheksa,OTHER VEGETABLES,90.4,0.6,0.1,0.9,1.6,6.4,29,27,38,0,0,0,0,0,0 ,0,0,0
Kovai,OTHER VEGETABLES,93.5,1.2,0.1,0.5,1.6,3.1,18,40,30,0.38,156,0.07,0.08,0.7,0 ,18,59,15
Ladies Fingers,OTHER VEGETABLES,89.6,1.9,0.2,0.7,1.2,6.4,35,66,56,0.35,52,0.07,0.1,0.6,0 ,25.3,105.1,13
Lakuch Raw,OTHER VEGETABLES,89.4,1.6,1.2,1.1,2.8,13.9,73,67,25,0,0,0,0,0,0 ,0,0,0
Leeks,OTHER VEGETABLES,78.9,1.8,0.1,0.7,1.3,17.2,77,50,70,2.3,18,0.23,0,0,0 ,0,0,11
Mango Green,OTHER VEGETABLES,87.5,0.7,0.1,0.4,1.2,10.1,44,10,19,0.33,90,0.04,0.01,0.2,0 ,0,0,3
Onion Stalks,OTHER VEGETABLES,87.6,0.9,0.2,0.8,1.6,8.9,41,50,50,7.43,595,0,0.03,0.3,0 ,0,0,17
Papaya Green,OTHER VEGETABLES,92,0.7,0.2,0.5,0.9,5.7,27,28,40,0.9,0,0.01,0.01,0.1,0 ,0,0,12
Parwar,OTHER VEGETABLES,92,2,0.3,0.5,3,2.2,20,30,40,1.7,153,0.05,0.06,0.5,0 ,0,0,29
Pink Beans,OTHER VEGETABLES,86.8,3.1,0.4,0.6,2.1,7,44,54,70,1.5,453,0.06,0.02,0.6,0 ,0,0,12
Plantain Flower,OTHER VEGETABLES,89.9,1.7,0.7,1.3,1.3,5.1,34,32,42,1.6,27,0.05,0.02,0.4,0 ,0,0,16
Plantain Green,OTHER VEGETABLES,83.2,1.4,0.2,0.5,0.7,14,64,10,29,6.27,30,0.05,0.02,0.3,0 ,1.6,16.4,24
Plantain Stem,OTHER VEGETABLES,88.3,0.5,0.1,0.6,0.8,9.7,42,10,10,1.1,0,0.02,0.01,0.2,0 ,0,0,7
Pumkin Fruit,OTHER VEGETABLES,92.6,1.4,0.1,0.6,0.7,4.6,25,10,30,0.44,50,0.06,0.04,0.5,0 ,3,13,2
Pumkin Flowers,OTHER VEGETABLES,89.1,2.2,0.8,1.4,0.7,5.8,39,120,60,0,0,0,0,0,0 ,0,0,0
Ridge Gourd,OTHER VEGETABLES,95.2,0.5,0.1,0.3,0.5,3.4,17,18,26,0.39,33,0,0.01,0.2,0 ,0,0,5
Snake Gourd,OTHER VEGETABLES,94.6,0.5,0.3,0.5,0.8,3.3,18,26,20,1.51,96,0.04,0.06,0.3,0 ,7.5,15.5,0
Sundakai Dry,OTHER VEGETABLES,12.3,8.3,1.7,5.1,17.6,55,269,390,180,22.2,450,0,0,0,0 ,0,0,0
Sword Beans,OTHER VEGETABLES,87.2,2.7,0.2,0.6,1.5,7.8,44,60,40,2,24,0.08,0.08,0.5,0 ,0,0,12
Tinda Tender,OTHER VEGETABLES,93.5,1.4,0.2,0.5,1,3.4,21,25,24,0.9,13,0.04,0.08,0.3,0 ,0,0,18
Vegetable Marrow,OTHER VEGETABLES,94.8,0.5,0.1,0.3,0.8,3.5,17,10,30,0.6,0,0.02,0,0.4,0 ,0,0,18
Water Chestnut Fresh,OTHER VEGETABLES,70,4.7,0.3,1.1,0.6,23.3,115,20,150,1.35,12,0.05,0.07,0.6,0 ,0,0,9
Water Chestnut Dry,OTHER VEGETABLES,13.8,13.4,0.8,3.1,0,68.9,330,70,440,2.4,0,0,0,0,0 ,0,0,0
Almond,NUTS AND OIL SEEDS,5.2,20.8,58.9,2.9,1.7,10.5,655,230,490,5.09,0,0.24,0.57,4.4,0 ,0,0,0
Arecanut,NUTS AND OIL SEEDS,31.3,4.9,4.4,1,11.2,47.2,249,50,130,1.5,3,0,0,0,0 ,0,0,0
Avocadopear Nut,NUTS AND OIL SEEDS,63.7,2.5,0.7,1.1,0,32,144,20,80,1.2,0,0,0,0,0 ,0,0,0
Cashewnut,NUTS AND OIL SEEDS,5.9,21.2,46.9,2.4,1.3,22.3,596,50,450,5.81,60,0.63,0.19,1.2,0,0,0,0
Chilgoza,NUTS AND OIL SEEDS,4,13.9,49.3,2.8,1,29,615,91,494,3.6,0,0.32,0.3,3.6,0,0,0,0
Coconut Dry,NUTS AND OIL SEEDS,4.3,6.8,62.3,1.6,6.6,18.4,662,400,210,7.8,0,0.08,0.01,3,0 ,15.3,16.5,7
Coconut Fresh,NUTS AND OIL SEEDS,36.3,4.5,41.6,1,3.6,13,444,10,240,1.7,0,0.05,0.1,0.8,0,11.7,12.5,1
Coconut Tender,NUTS AND OIL SEEDS,90.8,0.9,1.4,0.6,0,6.3,41,10,30,0.9,0,0,0,0,0,0,0,0
Coconut Milk,NUTS AND OIL SEEDS,42.8,3.4,41,0.9,0,11.9,430,15,140,1.6,0,0.08,0.04,0.6,0,0,0,0
Coconut Meal Deoiled,NUTS AND OIL SEEDS,8.7,23.8,2.8,7,9.8,47.9,312,112,646,69.4,0,0.13,0.57,6,0,0,0,5
Garden Cress Seeds,NUTS AND OIL SEEDS,3.2,25.3,24.5,6.4,7.6,33,454,377,723,100,27,0.59,0.61,14.3,0,0,0,0
Gingelly Seeds,NUTS AND OIL SEEDS,5.3,18.3,43.3,5.2,2.9,25,563,1450,570,9.3,60,1.01,0.34,4.4,0,51,134,0
Groundnut,NUTS AND OIL SEEDS,3,25.3,40.1,2.4,3.1,26.1,567,90,350,2.5,37,0.9,0.13,19.9,0,16,20,0
Groundnut Roasted,NUTS AND OIL SEEDS,1.7,26.2,39.8,2.5,3.1,26.7,570,77,370,3.1,0,0.39,0.13,22.1,0,0,0,0
Groundnut Cake,NUTS AND OIL SEEDS,7.2,40.9,7.4,2.5,3.2,38.8,386,213,548,0,0,0,0,0,0,0,0,0
Linseed Seeds,NUTS AND OIL SEEDS,6.5,20.3,37.1,2.4,4.8,28.9,530,170,370,2.7,30,0.23,0.07,1,0,0,0,0
Mustard Seeds,NUTS AND OIL SEEDS,8.5,20,39.7,4.2,1.8,23.8,541,490,700,7.9,162,0.65,0.26,4,0,0,0,0
Niger Seeds,NUTS AND OIL SEEDS,4.2,23.9,39,4.9,10.9,17.1,515,300,224,56.7,0,0.07,0.97,8.4,0,0,0,0
Pistachio Nut,NUTS AND OIL SEEDS,5.6,19.8,53.5,2.8,2.1,16.2,626,140,430,7.7,144,0.67,0.28,2.3,0,0,0,0
Piyal Seeds,NUTS AND OIL SEEDS,3,19,59.1,3,3.8,12.1,656,279,528,8.5,0,0.69,0.53,1.5,0,0,0,5
Safflower Seeds,NUTS AND OIL SEEDS,5.5,13.5,25.6,2.6,34.9,17.9,356,236,823,4.6,0,0,0,0,0,0,0,0
Sunflower Seeds,NUTS AND OIL SEEDS,5.5,19.8,52.1,3.7,1,17.9,620,280,670,5,0,0.86,0.2,4.5,0,0,0,1
Walnut,NUTS AND OIL SEEDS,4.5,15.6,64.5,1.8,2.6,11,687,100,380,2.64,6,0.45,0.4,1,0,0,0,0
Water Melon Seeds Kernal,NUTS AND OIL SEEDS,4.3,34.1,52.6,3.7,0.8,4.5,628,100,937,7.4,0,0,0,0,0,0,0,0
Arisithippili,CONDIMENTS AND SPICES,12.5,13.2,4.7,6,5.2,58.4,329,460,325,13.5,0,0,0,0,0 ,0,0,0
Asafoetida,CONDIMENTS AND SPICES,16,4,1.1,7,4.1,67.8,297,690,50,39.4,4,0,0.04,0.3,0,0,0,0
Cardamom,CONDIMENTS AND SPICES,20,10.2,2.2,5.4,20.1,42.1,229,130,160,4.6,0,0.22,0.17,0.8,0,0,0,0
Chillies Dry,CONDIMENTS AND SPICES,10,15.9,6.2,6.1,30.2,31.6,246,160,370,2.3,345,0.93,0.43,9.5,0 ,0,0,50
Chillies Green,CONDIMENTS AND SPICES,85.7,2.9,0.6,1,6.8,3,29,30,80,4.4,175,0.19,0.39,0.9,0,6,29,111
Cloves Dry,CONDIMENTS AND SPICES,25.2,5.2,8.9,5.2,9.5,46,286,740,100,11.7,253,0.08,0.13,0,0,0,0,0
Cloves Green,CONDIMENTS AND SPICES,65.5,2.3,5.9,2.2,0,24.1,159,310,40,2.1,72,0,0,0,0,0,0,0
Coriander,CONDIMENTS AND SPICES,11.2,14.1,16.1,4.4,32.6,21.6,288,630,393,7.1,942,0.22,0.35,1.1,0,27.4,32,0
Cumin Seeds,CONDIMENTS AND SPICES,11.9,18.7,15,5.8,12,36.6,356,1080,511,11.7,522,0.55,0.36,2.6,0,0,0,3
Fenugreek Seeds,CONDIMENTS AND SPICES,13.7,26.2,5.8,3,7.2,44.1,333,160,370,6.5,96,0.34,0.29,1.1,0,14.5,84,0
Garlic Dry,CONDIMENTS AND SPICES,62,6.3,0.1,1,0.8,29.8,145,30,310,1.2,0,0.06,0.23,0.4,0,0,0,13
Ginger Fresh,CONDIMENTS AND SPICES,80.9,2.3,0.9,1.2,2.4,12.3,67,20,60,3.5,40,0.06,0.03,0.6,0,0,0,6
Liime Peel,CONDIMENTS AND SPICES,66.5,1.8,0.5,1.8,0,29.4,129,710,60,2.7,0,0,0,0,0,0,0,0
Mace,CONDIMENTS AND SPICES,15.9,6.5,24.4,1.6,3.8,47.8,437,180,100,12.3,3027,0.25,0.42,1.4,0 ,0,0,0
Mango Powder,CONDIMENTS AND SPICES,6.8,2.8,7.8,4.9,13.7,64,337,180,16,45.2,0,0,0,0,0,0,0,0
Nutmeg Fruit,CONDIMENTS AND SPICES,14.3,7.5,36.4,1.7,11.6,28.5,472,120,240,2.03,0,0.33,0.01,1.4,0,0,0,0
Nutmeg Rind,CONDIMENTS AND SPICES,86.8,1,0.4,0.6,0,11.2,52,40,10,2,0,0,0,0,0 ,0,0,0
Omum,CONDIMENTS AND SPICES,7.4,17.1,21.8,7.9,21.2,24.6,363,1525,443,12.5,71,0.21,0.28,2.1,0,0,0,0
Pepper Dry Black,CONDIMENTS AND SPICES,18.2,11.5,6.8,4.4,14.9,49.2,304,460,198,12.4,1080,0.09,0.14,1.4,0,0,0,0
Pepper Green,CONDIMENTS AND SPICES,70.6,4.8,2.7,1.8,6.4,13.7,98,270,70,2.4,540,0.05,0.04,0.2,0,0,0,1
Pippali,CONDIMENTS AND SPICES,12.2,6.4,2.3,4.8,8.5,65.8,310,1230,190,62.1,0,0,0,0,0,0,0,0
Poppy Seeds,CONDIMENTS AND SPICES,4.3,21.7,19.3,9.9,8,36.8,408,1584,432,15.9,0,0,0,0,0,0,0,0
Tamarind Pulp,CONDIMENTS AND SPICES,20.9,3.1,0.1,2.9,5.6,67.4,283,170,110,17,60,0,0.07,0.7,0,0,0,3
Turmeric,CONDIMENTS AND SPICES,13.1,6.3,5.1,3.5,2.6,69.4,349,150,282,67.8,30,0.03,0,2.3,0,10,18,0
Ambada,Fruits,90.3,0.7,3,0.5,1,4.5,48,36,11,3.9,270,0.02,0.02,0.3,0,0,0,21
Apricot Fresh,Fruits,85.3,1,0.3,0.7,1.1,11.6,53,20,25,2.2,2160,0.04,0.13,0.6,0,0,0,6
Apricot Dry,Fruits,19.4,1.6,0.7,2.8,2.1,73.4,306,110,70,4.6,58,0.22,0,2.3,0,0,0,2
Avocado Pear,Fruits,73.6,1.7,22.8,1.1,0,0.8,215,10,80,0.7,0,0,0,0,0,0,0,0
Bael Fruit,Fruits,61.5,1.8,0.3,1.7,2.9,31.8,137,85,50,0.6,55,0.13,0.03,1.1,0 ,0,0,8
Banana Ripe,Fruits,70.1,1.2,0.3,0.8,0.4,27.2,116,17,36,0.36,78,0.05,0.08,0.5,0,0,0,7
Banyan Tree Figs,Fruits,74.1,1.7,2,1.9,8.5,11.8,72,364,43,0,0,0,0,0,0,0,0,0
Bilimbi,Fruits,94.4,0.5,0.3,0.3,1,3.5,19,15,10,1.2,18,0.09,0.04,0.6,0,0,0,32
Bread Fruit,Fruits,79.5,1.5,0.2,0.9,2.1,15.8,71,40,30,0.5,9,0.04,0.07,0,0,0,0,21
Bullock Heart,Fruits,76.8,1.4,0.2,0.7,5.2,15.7,70,10,10,0.6,67,0,0.07,0.6,0,0,0,5
Cape Gooseberry,Fruits,82.9,1.8,0.2,0.8,3.2,11.1,53,10,67,2,1428,0.05,0.02,0.3,0,0,0,49
Cashew Fruit,Fruits,86.3,0.2,0.1,0.2,0.9,12.3,51,10,10,0.2,23,0.02,0.05,0.4,0,0,0,180
Cherries Red,Fruits,83.4,1.1,0.5,0.8,0.4,13.8,64,24,25,0.57,0,0.08,0.08,0.3,0 ,0,0,7
Currants Black,Fruits,18.4,2.7,0.5,2.2,1,75.2,316,130,110,8.5,21,0.03,0.14,0.4,0 ,0,0,1
Dates Dried,Fruits,15.3,2.5,0.4,2.1,3.9,75.8,317,120,50,7.3,26,0.01,0.02,0.9,0,0,0,3
Dates Fresh,Fruits,59.2,1.2,0.4,1.7,3.7,33.8,144,22,38,0.96,0,0,0,0,0,0,0,0
Figs Ficus Carcia,Fruits,88.1,1.3,0.2,0.6,2.2,7.6,37,80,30,1,162,0.06,0.05,0.6,0,0,0,5
Grapes Blue Variety,Fruits,82.2,0.6,0.4,0.9,2.8,13.1,58,20,23,0.5,3,0.04,0.03,0.2,0,0,0,1
Grapes Pale Green Variety,Fruits,79.2,0.5,0.3,0.6,2.9,16.5,71,20,30,0.52,0,0,0,0,0,0,0,1
Grape Fruit Marsh Seedless,Fruits,88.5,1,0.1,0.4,0,10,45,30,30,0.2,0,0.12,0.02,0.3,0,0,0,0
Grape Fruit Triumph,Fruits,92,0.7,0.1,0.2,0,7,32,20,20,0.2,0,0.12,0.02,0.3,0 ,0,0,31
Guava Country,Fruits,81.7,0.9,0.3,0.7,5.2,11.2,51,10,28,0.27,0,0.03,0.03,0.4,0,0,0,212
Guava Hill,Fruits,85.3,0.1,0.2,0.6,4.8,9,38,50,20,1.2,0,0.02,0.02,0.3,0,0,0,15
Harfarowrie,Fruits,91.2,0.7,0.6,0.5,1.1,5.9,32,6,6,0,0,0,0,0,0,0,0,0
Jack Fruit,Fruits,76.2,1.9,0.1,0.9,1.1,19.8,88,20,41,0.56,175,0.03,0.13,0.4,0,0,0,7
Jamb Safed,Fruits,93.5,0.1,0.4,0.1,2.2,3.7,19,17,3,0.1,0,0.01,0.02,0.2,0,0,0,30
Ambu Fruit,Fruits,83.7,0.7,0.3,0.4,0.9,14,62,15,15,0.43,48,0.03,0.01,0.2,0,0,0,18
Korukkapalli,Fruits,79.2,2.7,0.4,0.7,1,16,78,14,49,1,0,0.22,0.06,1.6,0,0,0,108
Lakuch,Fruits,82.1,0.7,1.1,0.8,2,13.3,66,50,20,0.5,254,0.02,0.15,0.3,0,0,0,135
Lemon Sweet,FRUITS,90.5,0.7,0.3,0.5,0.7,7.3,35,30,20,0.7,0,0,0.04,0,0,0,0,45
Lichi,FRUITS,84.1,1.1,0.2,0.5,0.5,13.6,61,10,35,0.7,0,0.02,0.06,0.4,0,0,0,31
Lime,FRUITS,84.6,1.5,1,0.7,1.3,10.9,59,90,20,0.3,15,0.02,0.03,0.1,0,0,0,63
Lime Sweet Malta,FRUITS,90.3,0.7,0.2,0.4,0.6,7.8,36,30,20,0.3,0,0,0,0,0,0,0,54
Lime Sweet Musambi,FRUITS,88.4,0.8,0.3,0.7,0.5,9.3,43,40,30,0.7,0,0,0,0,0,0,0,50
Loquat,FRUITS,88.2,0.6,0.3,0.5,0.8,9.6,43,30,20,1.3,559,0,0,0,0,0,0,0
Mahua Ripe,FRUITS,73.6,1.4,1.6,0.7,0,22.7,111,45,22,0.23,307,0,0,0,0,0,0,40
Mango Ripe,FRUITS,81,0.6,0.4,0.4,0.7,16.9,74,14,16,1.3,2743,0.08,0.09,0.9,0,0,0,16
Mangosteen,FRUITS,84.9,0.5,0.1,0.2,0,14.3,60,10,20,0.2,0,0,0,0,0,0,0,26
Melon Musk,FRUITS,95.2,0.3,0.2,0.4,0.4,3.5,17,32,14,14,0,0,0,0,0,0,0,0
Melon Water,FRUITS,95.8,0.2,0.2,0.3,0.2,3.3,16,11,12,7.9,0,0.02,0.04,0.1,0,0,0,1
Mulberry,FRUITS,86.5,1.1,0.4,0.6,1.1,10.3,49,70,30,2.3,57,0.04,0.13,0.5,0,0,0,12
Orange,FRUITS,87.6,0.7,0.2,0.3,0.3,10.9,48,26,20,0.32,1104,0,0,0,0,0,0,30
Orange Juice,FRUITS,97.7,0.2,0.1,0.1,0,1.9,9,5,9,0.7,15,0.06,0.02,0.4,0,0,0,64
Palmyra Fruit Ripe Mesocarp,FRUITS,77.2,0.7,0.2,0.7,0.5,20.7,87,9,33,0,0,0,0,0,0,0,0,0
Palmyra Fruit Tender,FRUITS,92.3,0.6,0.1,0.2,0.3,6.5,29,10,20,0.5,0,0.01,0.01,0.2,0,0,0,4
Papaya Ripe,FRUITS,90.8,0.6,0.1,0.5,0.8,7.2,32,17,13,0.5,666,0.04,0.25,0.2,0,0,0,57
Passion Fruit,FRUITS,76.3,0.9,0.1,0.7,9.6,12.4,54,10,60,2,54,0.07,0.14,1.6,0,0,0,25
Passion Fruit Juice,FRUITS,89,1.2,0.2,0.7,1.2,7.7,37,10,30,0.7,1968,0.01,0.02,0,0,0,0,13
Peaches,FRUITS,86,1.2,0.3,0.8,1.2,10.5,50,15,41,2.4,0,0.02,0.03,0.5,0,0,0,6
Pears,FRUITS,86,0.6,0.2,0.3,1,11.9,52,8,15,0.5,28,0.06,0.03,0.2,0,0,0,0
Persimmon,FRUITS,80,0.7,0.2,0.3,0.9,17.9,76,15,10,0.3,2268,0.03,0.01,0,0,0,0,33
Phalsa,FRUITS,80.8,1.3,0.9,1.1,1.2,14.7,72,129,39,3.1,419,0,0,0.3,0,0,0,22
Pine Apple,FRUITS,87.8,0.4,0.1,0.4,0.5,10.8,46,20,9,2.42,18,0.2,0.12,0.1,0,0,0,39
Plum,FRUITS,86.9,0.7,0.5,0.4,O.4,11.1,52,10,12,0.6,166,0.04,0.1,0.3,0,0,0,5
Pomegranate,FRUITS,78,1.6,0.1,0.7,5.1,14.5,65,10,70,1.79,0,0.06,0.1,0.3,0,0,0,16
Prunes,FRUITS,85.3,0.5,0.3,0.6,0.5,12.8,56,10,18,0,0,0,0,0,0,0,0,0
Pummelo,FRUITS,88,0.6,0.1,0.5,0.6,10.2,44,30,30,0.3,120,0.03,0.03,0.2,0,0,0,20
Raisins,FRUITS,20.2,1.8,0.3,2,1.1,74.6,308,87,80,7.7,2.4,0.07,0.19,0.7,0,0,0,1
Raspberry,FRUITS,84.8,1,0.6,0.9,1,11.7,56,40,110,2.3,1248,0,0,0.8,0,0,0,30
Rose Apple,FRUITS,89.1,0.7,0.2,0.3,1.2,8.5,39,10,30,0.5,141,0.01,0.05,0.4,0,0,0,3
Saporta,FRUITS,73.7,0.7,1.1,0.5,2.6,21.4,98,28,27,1.25,97,0.02,0.03,0.2,0,0,0,6
Seethaphal,FRUITS,70.5,1.6,0.4,0.9,3.1,23.5,104,17,47,4.31,0,0.07,0.17,1.3,0,0,0,37
Strawberry,FRUITS,87.8,0.7,0.2,0.4,1.1,9.8,44,30,30,1.8,18,0.03,0.02,0.2,0,0,0,52
Tomato Ripe,FRUITS,94,0.9,0.2,0.5,0.8,3.6,2,48,20,0.64,351,0.12,0.06,0.4,0,14,30,27
Tomatillo,FRUITS,91.7,0.7,0.6,0.6,0.6,5.8,31,7,40,1.4,48,0.05,0.02,2.1,0,0,0,2
Tree Tomato,FRUITS,86.2,1.5,0.2,1.2,4.2,6.7,35,12,46,1,324,0.11,0.06,2.1,0,0,0,0
Wood Appple,FRUITS,64.2,7.1,3.7,1.9,5,18.1,134,130,110,0.48,61,0.04,0.17,0.8,0,0,0,3
Zizyphus,FRUITS,81.6,0.8,0.3,0.3,0,17,74,4,9,0.5,21,0.02,0.05,0.7,0,0,0,76
Air,FISHES AND SEA FOODS,78.1,15.9,1.3,1.2,0,3.5,89,380,180,0.7,0,0,0,0.5,0 ,0,0,11
Anchovy,FISHES AND SEA FOODS,69.3,19.3,9.6,1.6,0,0.2,164,143,174,1.5,0,0,0,0,0 ,0,0,0
Bacha,FISHES AND SEA FOODS,68.8,18.1,5.6,1.4,0,6.1,147,520,180,0.7,0,0,0,0.6,0 ,0,0,13
Bam,FISHES AND SEA FOODS,74.8,16.1,0.9,1.3,0,6.9,100,330,240,0.8,0,0,0,0.9,0 ,0,0,3
Baspata Machli,FISHES AND SEA FOODS,76.1,18.2,4.4,4.4,0,0,112,175,225,0,0,0,0,0,0 ,0,0,0
Bata Small Varieties,FISHES AND SEA FOODS,79,14.3,2.5,2,0,2.2,89,790,200,1.1,0,0,0,0,0 ,0,0,0
Beley,FISHES AND SEA FOODS,79.7,14.5,0.6,2.3,0,2.9,75,370,330,1,0,0,0,0.3,0 ,0,0,3
Bhagon Fresh,FISHES AND SEA FOODS,70.6,14.8,8.8,2,0,3.8,154,182,190,1.2,0,0,0,1.8,0 ,0,0,12
Bhagon Dried,FISHES AND SEA FOODS,17.9,61.5,2.3,16.5,0,1.8,274,6235,207,9.3,0,0,0,0,0 ,0,0,0
Bhangan Bata,FISHES AND SEA FOODS,67.3,19.4,4.4,2.2,0,6.7,144,580,310,1.1,0,0,0,0,0 ,0,0,0
Bhekti Fresh,FISHES AND SEA FOODS,79.9,14.9,0.8,1.4,0,3,79,480,350,3.1,0,0,0,0.7,0 ,0,0,10
Bhekti Dried,FISHES AND SEA FOODS,20.1,60.2,2,15.9,0,1.8,266,939,347,15,0,0,0,0,0 ,0,0,0
Bhola,FISHES AND SEA FOODS,78.1,15.2,1.1,1.9,0,3.7,86,550,580,0.4,0,0,0,0.5,0 ,0,0,14
Big Jawed Jumper,FISHES AND SEA FOODS,73.3,19.4,5.8,1.4,0,0.1,130,214,306,3.4,0,0,0,0,0 ,0,0,0
Boal,FISHES AND SEA FOODS,73.3,15.4,2.7,1.3,0,7.6,116,160,490,0.6,0,0,0,1,0 ,0,0,8
Blue Mussel,FISHES AND SEA FOODS,81.5,9.9,2,3,0,3.6,72,1134,286,8,0,0,0,0,0 ,0,0,0
Cat Fish,FISHES AND SEA FOODS,77.1,21.4,0,0,0,0,86,10,230,0,0,0,0,2.5,0 ,0,0,0
Chela,FISHES AND SEA FOODS,77.5,14.6,4.3,2.1,0,1.5,103,590,340,2,0,0,0,0,0 ,0,0,0
Chela Dried,FISHES AND SEA FOODS,4.7,64.8,17,13.4,0,0.1,413,3590,2342,0,0,0,0,0,0 ,0,0,0
Chingri Small Dried,FISHES AND SEA FOODS,17.9,62.4,3.9,13.9,0,1.9,292,3539,354,27.9,0,0,0,0,0 ,0,0,0
Chingri Goda Dried,FISHES AND SEA FOODS,14.9,60,3.2,17.3,0,4.6,287,3847,828,49.6,0,0,0,0,0 ,0,0,0
Chital,FISHES AND SEA FOODS,75,18.6,2.3,1,0,3.1,108,180,250,3,0,0,0,0,0 ,0,0,0
Crab Muscle,FISHES AND SEA FOODS,83.5,8.9,1.1,3.2,0,3.3,59,1370,150,21.2,780,0,0,3.1,0 ,0,0,0
Crab Small,FISHES AND SEA FOODS,65.3,11.2,9.8,4.6,0,9.1,169,1606,253,0,0,0,0,0,0 ,0,0,0
Folui,FISHES AND SEA FOODS,73,19,1,2.5,0,3.7,109,590,450,1.7,0,0,0,0.8,0 ,0,0,6
Ghol,FISHES AND SEA FOODS,69.7,18.4,0.9,0,0,0,82,90,150,2.1,0,0,0,0,0 ,0,0,0
Goggler,FISHES AND SEA FOODS,76.9,18.7,1.6,1.8,0,1,93,437,349,8.2,0,0,0,0,0 ,0,0,0
Herring Indian,FISHES AND SEA FOODS,72.8,20.3,3.2,1.5,0,2.2,119,429,305,9.3,0,0,0,0,0 ,0,0,0
Herring Ox0eyed,FISHES AND SEA FOODS,73.7,20.7,2.2,1.6,0,0.8,106,429,131,6.3,0,0,0,0,0 ,0,0,0
Hilsa,FISHES AND SEA FOODS,53.7,21.8,19.4,2.2,0,2.9,273,180,280,2.1,0,0,0,2.8,0 ,0,0,24
Horse Mackerel,FISHES AND SEA FOODS,76.9,21.2,1.6,1.3,0,0,99,357,262,2,0,0,0,2.9,0 ,0,0,0
Indian Whiting,FISHES AND SEA FOODS,77.1,19.2,0.6,1.5,0,1.6,89,71,262,2.2,0,0,0,0,0 ,0,0,0
Jew Fish Kora,FISHES AND SEA FOODS,78.3,18.8,0.8,1.9,0,0.2,83,286,305,4.4,0,0,0,0,0 ,0,0,0
Jew Fish Pallikora,FISHES AND SEA FOODS,77,20,2.2,1.6,0,0,100,214,262,4.8,0,0,0,0,0 ,0,0,0
Kalabasu,FISHES AND SEA FOODS,81,14.7,1,1.3,0,2,76,320,380,0.8,0,0,0,0.6,0 ,0,0,11
Katla,FISHES AND SEA FOODS,73.7,19.5,2.4,1.5,0,2.9,111,530,235,0.9,0,0,0,0.8,0,0,0,0
Khoyra Fresh,FISHES AND SEA FOODS,72,18,3,1.8,0,5.2,120,590,220,0.7,0,0,0,0.5,0,0,0,0
Khoyra Dried,FISHES AND SEA FOODS,17.3,58.9,6.2,16.4,0,1.2,296,0,0,0,0,0,0,0,0,0,0,0
Koocha Machli,FISHES AND SEA FOODS,76.7,18.7,0.8,1.4,0,2.4,92,185,119,0,0,0,0,0,0,0,0,0
Lata,FISHES AND SEA FOODS,74,19.4,0.6,2.6,0,3.4,97,610,530,1.3,0,0,0,1,0,0,0,0
Lobster,FISHES AND SEA FOODS,77.3,20.5,0.9,1.4,0,0,90,16,279,0,0,0,0,0,0,0,0,0
Mackerel,FISHES AND SEA FOODS,77.3,18.9,1.7,1.6,0 ,0.5,93,429,305,4.5,0,0,0,0,0,0,0,0
Magur,FISHES AND SEA FOODS,78.5,15,1,1.3,0,4.2,86,210,290,0.7,0,0,0,0,0,0,0,0
Mahasole,FISHES AND SEA FOODS,70.3,25.2,2.3,1.2,0,1,126,130,280,3.8,0,0,0,0,0,0,0,0
Mandeli Dried,FISHES AND SEA FOODS,31.1,52.5,5.4,0,0,0,259,143,259,11.9,0,0,0,0,0,0,0,0
Mrigal,FISHES AND SEA FOODS,75,19.5,0.8,1.5,0,3.2,98,143,259,11.9,0,0,0,0.7,0 ,9.7,16.7,0
Mullet,FISHES AND SEA FOODS,69.9,19.1,7.8,1.1,0,2.1,155,357,175,4.4,0,0,0,2.6,0,0,0,0
Mushi Dried,FISHES AND SEA FOODS,9.6,67,4.9,0,0,0,312,541,507,2.7,0,0,0,0,0,0,0,0
Mussel Fresh Water,FISHES AND SEA FOODS,79.5,14.5,1.6,2.3,0,2.1,81,592,406,0,0,0,0,0,0,0,0,0
Mutijella Dried,FISHES AND SEA FOODS,19.2,63.6,2.4,11.8,0,3,288,7240,834,1,0,0,0,0,0,0,0,0
Oil Sardine,FISHES AND SEA FOODS,76.5,19.6,2,1.8,0,0.1,97,357,349,6.1,0,0,0,0,0,0,0,0
Pabda,FISHES AND SEA FOODS,73,19.2,2.1,1.1,0,4.6,114,310,210,1.3,0,0,0,0,0,0,0,0
Pangas,FISHES AND SEA FOODS,72.3,14.2,10.8,1,0,1.7,161,180,130,0.5,0,0,0,0.6,0,0,0,7
Parsey Fresh,FISHES AND SEA FOODS,70.8,17.5,5.9,1.5,0,4.3,140,850,490,2.7,0,0,0,0.8,0 ,0,0,6
Parsey Dried,FISHES AND SEA FOODS,11.8,65,4.4,15.8,0,3,312,2231,396,17.4,0,0,0,0,0,0,0,0
Pompfrets Black,FISHES AND SEA FOODS,74.5,20.3,2.6,1.1,0,1.5,111,286,306,2.3,0,0,0,0,0,0,0,0
Pompfrets White,FISHES AND SEA FOODS,78.4,17,1.3,1.5,0,1.8,87,200,290,0.9,0,0,0.15,2.6,0,0,0,0
Prawn,FISHES AND SEA FOODS,77.4,19.1,1,1.7,0,0.8,89,323,278,5.3,0,0.01,0.1,4.8,0,0,0,0
Puti ,FISHES AND SEA FOODS,75,18.1,2.4,1.4,0,3.1,106,110,96,1,0.3,0,0,0,0,0,0,15
Ravas,FISHES AND SEA FOODS,71.4,22.2,1.1,2,0,3.3,112,405,335,2,0,0,0,0,0,0,0,0
Ray,FISHES AND SEA FOODS,75.3,20.9,0.5,1.2,0,2.1,97,214,262,5.3,0,0,0,0,0,0,0,0
Ribbon Fish Fresh,FISHES AND SEA FOODS,76.6,18.1,3.2,1.5,0,0.6,104,214,218,13.9,0,0,0,2.1,0,0,0,0
Ribbon Fish Dried,FISHES AND SEA FOODS,6.7,76.1,8.7,0,0,0,383,739,700,4.2,0,0,0,0,0,0,0,0
Rohu,FISHES AND SEA FOODS,76.7,16.6,1.4,0.9,0,4.4,97,650,175,1,0,0.05,0.07,0.7,0,0,0,22
Sardine,FISHES AND SEA FOODS,78.1,21,1.9,1.7,0,0,101,90,360,2.5,0,0,0,2.6,0,0,0,0
Sarputi,FISHES AND SEA FOODS,70.2,16.5,9.5,1.5,0,2.3,161,220,120,0.5,0,0,0,0,0 ,0,0,14
Shark,FISHES AND SEA FOODS,76,21.6,0.4,1.2,0,0.8,93,357,262,1.4,0,0,0,2.5,0,0,0,0
Shrimp Small Dried,FISHES AND SEA FOODS,6,68.1,8.5,17.4,0,0,349,4384,1160,0,0,0,0,0,0 ,15.7,18.6,0
Seer,FISHES AND SEA FOODS,72.7,22.5,4,1.5,0,0,126,71,572,5.4,0,0,0,1.2,0,0,0,0
Silver Belly,FISHES AND SEA FOODS,76.4,19.2,1.6,3.2,0,0,91,715,741,2.2,0,0,0,0,0,0,0,0
Singhala,FISHES AND SEA FOODS,61,20.9,3.1,1.1,0,13.9,167,98,152,1.8,0,0,0,0,0,0,0,0
Singhi ,FISHES AND SEA FOODS,68,22.8,0.6,1.7,0,6.9,124,670,650,2.3,0,0,0,0.8,0,0,0,9
Sole ,FISHES AND SEA FOODS,78,16.2,2.3,1.3,0,2.2,94,140,95,0.5,0,0,0,0.5,0,0,0,0
Sole Malahar,FISHES AND SEA FOODS,78,19.5,4.7,3.1,0,0,120,1072,524,0.5,0,0,0,0,0,0,0,0
Surmai Fresh,FISHES AND SEA FOODS,63,19.9,1.4,0,0,0,92,92,161,2,0,0,0,0,0,0,0,0
Surmai Dried,FISHES AND SEA FOODS,43.3,38.6,6.2,0,0,0,210,148,172,4.4,0,0,0,0,0,0,0,0
Tapra Dried,FISHES AND SEA FOODS,12.6,62.3,9,15.1,0,1,334,771,552,19.3,0,0,0,0,0,0,0,0
Tapsi Dried,FISHES AND SEA FOODS,16.2,58.5,12.1,17.2,0,0,343,1597,595,41.2,0,0,0,0,0,0,0,0
Tartoor,FISHES AND SEA FOODS,78.3,18.2,0.2,2.1,0,1.2,79,1072,218,4.9,0,0,0,0,0,0,0,18
Tengra Fresh,FISHES AND SEA FOODS,70,19.2,6.4,2.1,0,2.3,144,270,170,2,0,0,0,0,0,0,0,0
Tengra Dried,FISHES AND SEA FOODS,13.8,54.9,3.9,27.5,0,0,255,843,400,0,0,0,0,0,0,0,0,0
Tunny,FISHES AND SEA FOODS,71.9,23.8,1.6,1.8,0,0.9,113,429,349,6.8,0,0,0,0,0,0,0,0
White Bait,FISHES AND SEA FOODS,79.1,14.5,1.4,2.5,0,2.5,81,643,437,3.8,0,0,0,2.3,0 ,0,0,0
Beef,MEAT AND POULTRY,8.2,79.2,10.3,1.6,0.5,0.2,410,68,324,18.8,0,0.03,0.44,5.8,0,0,0,2
Beef Muscle (Lean Meat),MEAT AND POULTRY,74.3,22.6,2.6,1,0,0,114,10,190,0.8,18,0.15,0.04,6.4,0,0,0,0
Buffalo Meat,MEAT AND POULTRY,78.7,19.4,0.9,1,0,0,86,3,189,0,0,0,0,0,0,4.6,7.8,0
Duck,MEAT AND POULTRY,72.3,21.6,4.8,1.2,0,0.1,130,4,235,0,0,0,0,0,0,0,0,0
Egg Duck,MEAT AND POULTRY,71,13.5,13.7,1,0,0.8,181,70,260,2.5,405,0.12,0.26,0.2,0,80,80,0
Egg Hen,MEAT AND POULTRY,73.7,13.3,13.3,1,0,0,173,60,220,2.1,420,0.1,0.4,0.1,0,70.3,78.3,0
Egg Turtle,MEAT AND POULTRY,76,12.2,6.7,1.5,0,3.6,124,93,299,0,0,0,0,0,0,0,0,0
Finch,MEAT AND POULTRY,68.8,26.6,3,1.7,0,0,133,90,347,0,0,0,0,0,0,0,0,0
Fowl Or Chicken,MEAT AND POULTRY,72.2,25.9,0.6,1.3,0,0,109,25,245,0,0,0,0.14,0,0,3.2,6.8,0
Goat Meat Lean,MEAT AND POULTRY,74.2,21.4,3.6,1.1,0,0,118,12,193,0,0,0,0,0,0,0.5,4.5,0
Grey Quail,MEAT AND POULTRY,75,21.9,1.7,1.4,0,0,103,22,282,0,0,0,0,0,0,0,0,0
Liver Goat,MEAT AND POULTRY,76.3,20,3,1.3,0,0,107,17,279,0,0,0,0,0,0 ,61.2,176.2,20
Liver Sheep,MEAT AND POULTRY,70.4,19.3,7.5,1.5,0,1.3,150,10,380,6.3,6690,0.36,1.7,17.6,0,65.5,188,0
Mutton (Meat &Muscle),MEAT AND POULTRY,71.5,18.5,13.3,1.3,0,0,194,150,150,2.5,9,0.18,0.14,6.8,0,1,5.8,0
Pigeon,MEAT AND POULTRY,70.4,23.3,4.9,1.4,0,0,137,12,290,0,0,0,0,0,0,0,0,2
Pork Muscle,MEAT AND POULTRY,77.4,18.7,4.4,1,0,0,114,30,200,2.2,0,0.54,0.09,2.8,0,0,0,0
Ruff And Reeve,MEAT AND POULTRY,70.3,25.9,2.3,1.5,0,0,124,3,321,0,0,0,0,0,0 ,0,0,0
Snail Small,MEAT AND POULTRY,78.9,12.6,1,3.8,0,3.7,74,1321,147,0,0,0,0,0,0,0,0,0
Snail Big,MEAT AND POULTRY,74.1,10.5,0.6,2.4,0,12.4,97,870,116,0,0,0,0,0,0,0,0,0
Turtle Meat,MEAT AND POULTRY,79.4,16.5,1.5,1.1,0,1.5,86,7,162,0,0,0,0,0,0,0,0,0
Venison,MEAT AND POULTRY,75.3,21,0.6,1.2,0,1.9,97,3,233,0,0,0,0,0,0,0,0,10
Milk Ass,MILK AND MILK PRODUCTS,89.9,2.1,1.5,0,0,6.5,48,80,0,0,0,0.06,0.03,0.1,0,0,0,1
Milk Buffalo,MILK AND MILK PRODUCTS,81,4.3,6.5,0.8,0,5,117,210,130,0.2,48,0.04,0.1,0.1,0,3.3,5.6,2
Milk Cow,MILK AND MILK PRODUCTS,87.5,3.2,4.1,0.8,0,4.4,67,120,90,0.2,53,0.05,0.19,0.1,0 ,5.6,8.5,1
Milk Goat,MILK AND MILK PRODUCTS,86.8,3.3,4.5,0.8,0,4.6,72,170,120,0.3,55,0.05,0.04,0.3,0,0.7,1.3,3
Milk Human,MILK AND MILK PRODUCTS,88,1.1,3.4,0.1,0,7.4,65,28,11,0,41,0.02,0.02,0,0,1.3,0,1
Curd Cow Milk,MILK AND MILK PRODUCTS,89.1,3.1,4,0.8,0,3,60,149,93,0.2,31,0.05,0.16,0.1,0 ,3.3,12.5,0
Butter Milk,MILK AND MILK PRODUCTS,97.5,0.8,1.1,0.1,0,0.5,15,30,30,0.1,0,0,0,0,0,0,0,1
Skimmed Milk Liquid,MILK AND MILK PRODUCTS,92.1,2.5,0.1,0.7,0,4.6,29,120,90,0.2,0,0,0,0.1,0,0,0,3
Channa Cow Milk,MILK AND MILK PRODUCTS,57.1,18.3,20.8,2.6,0,1.2,265,208,138,0,110,0.07,0.02,0,0,0,0,0
Channa Buffalo Milk,MILK AND MILK PRODUCTS,54.1,13.4,23,1.6,0,7.9,292,480,277,0,0,0,0,0,0,0,0,0
Cheese,MILK AND MILK PRODUCTS,40.3,24.1,25.1,4.2,0,6.3,348,790,520,2.1,82,0,0,0,0,0,0,0
Khoa Whole Buffalo Milk,MILK AND MILK PRODUCTS,30.6,14.6,31.2,3.1,0,20.5,421,650,420,5.8,0,0,0,0,0,0,0,0
Khoa Skimmed Buffalo Milk,MILK AND MILK PRODUCTS,46.1,22.3,1.6,4.3,0,25.7,206,990,650,2.7,0,0,0,0,0,0,0,6
Khoa Whole Cow Milk,MILK AND MILK PRODUCTS,25.2,20,25.9,4,0,24.9,413,956,613,0,149,0.23,0.41,0.4,0,0,0,5
Skimmed Milk Powder Cow Milk,MILK AND MILK PRODUCTS,4.1,38,0.1,6.8,0,51,357,1370,1000,1.4,0,0.45,1.64,1,0,0,0,4
Whole Milk Powder Cow Milk,MILK AND MILK PRODUCTS,3.5,25.8,26.7,6,0,38,496,950,730,0.6,420,0.31,1.36,0.8,0,0,0,0
Butter,FATS AND EDIBLE OILS,19,0,81,2.5,0,0,729,0,0,0,960,0,0,0,0,0,0,0
Ghee Cow,FATS AND EDIBLE OILS,0 ,0,100,0,0,0,900,0,0,0,600,0,0,0,0,0,0,0
Ghee Buffalo,FATS AND EDIBLE OILS,0 ,0,100,0,0,0,900,0,0,0,270,0,0,0,0,0,0,0
Hydrogenated Oil Fortified,FATS AND EDIBLE OILS,0 ,0,100,0,0,0,900,0,0,0,750,0,0,0,0 ,0,0,0
Cooking Oil,FATS AND EDIBLE OILS,0 ,0,100,0,0,0,900,0,0,0,0,0,0,0,0,0,0,0
Sugar Cane,SUGARS,0.4,0.1,0,0.1,0,99.4,398,12,1,0.155,0,0,0,0,0 ,0,0,0
Honey,SUGARS,20.6,0.3,0,0.2,0,79.5,319,5,16,0.696,0,0,0,0,0 ,0,0,0
Jaggery Cane,SUGARS,3.9,0.4,0.1,0.6,0,95,383,80,40,2.64,0,0,0,0,0,0,0,0
Jaggery Coconut Palm,SUGARS,10.3,1,0.2,5,0,83.5,340,1638,62,0,0,0,0,0,0,0,0,0
Jaggery Date Palm,SUGARS,9.6,1.5,0.3,2.6,0,86.1,353,363,62,0,0,0,0,0,0,0,0,0
Jaggery Fan Palm,SUGARS,8.6,1,0.1,1.8,0,98.5,359,225,44,0,0,0,0,0,0,0,0,0
Jaggery Sago Palm,SUGARS,9.2,2.3,0.1,3.7,0,84.7,349,1252,372,0,0,0,0,0,0,0,0,0
Sago,SUGARS,12.2,0.2,0.2,0.3,0,87.1,351,10,10,1.3,0,0,0,0,0,0,0,0
Pachwai Assam,BEVERAGES ALCOHOLIC,88.2,3,1.8,0.6,0.6,5.8,51,12,100,4.5,0,0,0,0,0,0,0,0
Toddy Fermented,BEVERAGES ALCOHOLIC,97.6,0.1,0.3,0.2,0,1.8,38,0,0,0,0,0,0,0,0 ,0,0,0
Toddy Sweet,BEVERAGES ALCOHOLIC,84.7,0.1,0.3,0.7,0,14.3,59,150,10,0.3,0,0,0,0,0 ,0,0,0
Neera,BEVERAGES NONALCOHOLIC,0,0.4,0,0.5,0,10.9,45,0,140,0.1,0,0,0,0,0,0,0,0
